c 
c Input Variance: 1000000000
c Actual Variance: 983340976
c Input number of vars: 100
c Input use Fam rules: true
c Input Fam size: 1-6
c Input Rule size: 2-6
c Input False Variables: 4
c Actual False Variables: 4 Vars
c Input True Variables: 8
c Actual True Variables: 8 Vars
c Calculation time: 3924 seconds
c Used Seed: -6346747620071058722
c 
p cnf 100 705
1 2 3 4 0
-1 -2 0
-1 -3 0
-1 -4 0
-2 -3 0
-2 -4 0
-3 -4 0
5 6 7 0
-5 -6 0
-5 -7 0
-6 -7 0
8 9 10 11 12 0
-8 -9 0
-8 -10 0
-8 -11 0
-8 -12 0
-9 -10 0
-9 -11 0
-9 -12 0
-10 -11 0
-10 -12 0
-11 -12 0
13 14 15 0
-13 -14 0
-13 -15 0
-14 -15 0
16 0
17 18 19 20 0
-17 -18 0
-17 -19 0
-17 -20 0
-18 -19 0
-18 -20 0
-19 -20 0
21 22 23 24 25 0
-21 -22 0
-21 -23 0
-21 -24 0
-21 -25 0
-22 -23 0
-22 -24 0
-22 -25 0
-23 -24 0
-23 -25 0
-24 -25 0
26 27 28 29 30 31 0
-26 -27 0
-26 -28 0
-26 -29 0
-26 -30 0
-26 -31 0
-27 -28 0
-27 -29 0
-27 -30 0
-27 -31 0
-28 -29 0
-28 -30 0
-28 -31 0
-29 -30 0
-29 -31 0
-30 -31 0
32 33 34 35 0
-32 -33 0
-32 -34 0
-32 -35 0
-33 -34 0
-33 -35 0
-34 -35 0
36 37 0
-36 -37 0
38 0
39 40 41 42 43 0
-39 -40 0
-39 -41 0
-39 -42 0
-39 -43 0
-40 -41 0
-40 -42 0
-40 -43 0
-41 -42 0
-41 -43 0
-42 -43 0
44 45 46 47 0
-44 -45 0
-44 -46 0
-44 -47 0
-45 -46 0
-45 -47 0
-46 -47 0
48 49 50 51 0
-48 -49 0
-48 -50 0
-48 -51 0
-49 -50 0
-49 -51 0
-50 -51 0
52 0
53 54 0
-53 -54 0
55 0
56 57 0
-56 -57 0
58 0
59 60 61 62 63 0
-59 -60 0
-59 -61 0
-59 -62 0
-59 -63 0
-60 -61 0
-60 -62 0
-60 -63 0
-61 -62 0
-61 -63 0
-62 -63 0
64 65 66 67 0
-64 -65 0
-64 -66 0
-64 -67 0
-65 -66 0
-65 -67 0
-66 -67 0
68 69 0
-68 -69 0
70 71 72 73 74 75 0
-70 -71 0
-70 -72 0
-70 -73 0
-70 -74 0
-70 -75 0
-71 -72 0
-71 -73 0
-71 -74 0
-71 -75 0
-72 -73 0
-72 -74 0
-72 -75 0
-73 -74 0
-73 -75 0
-74 -75 0
76 77 78 79 80 0
-76 -77 0
-76 -78 0
-76 -79 0
-76 -80 0
-77 -78 0
-77 -79 0
-77 -80 0
-78 -79 0
-78 -80 0
-79 -80 0
81 82 83 84 85 0
-81 -82 0
-81 -83 0
-81 -84 0
-81 -85 0
-82 -83 0
-82 -84 0
-82 -85 0
-83 -84 0
-83 -85 0
-84 -85 0
86 87 0
-86 -87 0
88 0
89 90 91 0
-89 -90 0
-89 -91 0
-90 -91 0
92 93 94 95 96 0
-92 -93 0
-92 -94 0
-92 -95 0
-92 -96 0
-93 -94 0
-93 -95 0
-93 -96 0
-94 -95 0
-94 -96 0
-95 -96 0
97 0
98 99 100 0
-98 -99 0
-98 -100 0
-99 -100 0
84 0
-68 -74 -9 -77 -90 -43 0
-3 -50 -11 -50 0
-14 -49 0
-94 -87 0
-77 -70 0
-18 -64 0
-4 -64 -65 0
-92 -64 -21 0
-6 -79 -18 -2 0
-88 -44 -78 -6 -47 -18 0
-80 -81 -48 -13 -100 -43 0
-43 -43 -99 -63 -10 -58 0
-42 -27 0
-11 -60 -78 -8 -73 0
-81 -34 -45 -96 0
-12 -88 -99 -27 -51 -1 0
-18 -13 0
-79 -4 0
-11 -94 -45 -57 0
-23 -32 -11 0
-28 -38 -45 -32 -48 0
-81 -1 -65 0
-18 -45 -21 -27 0
-33 -41 -16 -15 -32 0
-35 -34 -20 0
-100 -49 0
-52 -66 -34 0
-43 -13 -15 -24 -4 -69 0
-60 -33 -48 -12 -87 0
-100 -28 -96 -30 -1 -35 0
-93 -32 -26 0
-31 -15 -71 -57 -7 0
-92 -47 -72 -81 -4 -61 0
-32 -48 -30 0
-27 -92 -62 -51 -91 -67 0
-33 -81 -73 -38 0
-19 -90 -67 -30 -37 0
-13 -8 0
-11 -26 -5 -6 0
-91 -60 -30 -4 -5 0
-80 -93 -61 -65 0
-50 -7 -16 0
-38 -10 -4 -67 0
-9 -45 -54 0
-48 -33 0
-73 -77 -67 -68 -73 0
-36 -60 -4 0
-1 -50 -69 -11 -77 -45 0
-22 -19 -5 -34 -7 -48 0
-68 -52 -12 -66 -64 -35 0
-37 -55 -71 0
-68 -34 -70 0
-7 -20 -20 -35 -44 -66 0
-92 -7 -88 -27 -93 -37 0
-25 -78 0
-24 -50 -15 -11 -79 0
-47 -58 -48 -14 0
-41 -72 -100 -75 -32 0
-3 -16 -58 -30 -16 0
-30 -76 -33 0
-68 -4 -3 -36 0
-8 -44 -14 -24 -25 -92 0
-22 -64 -97 -41 0
-19 -35 0
-42 -100 0
-7 -97 -60 0
-76 -23 -26 0
-80 -81 -77 -29 -1 0
-62 -45 -36 0
-46 -2 -51 -48 0
-52 -40 -22 -40 -15 -43 0
-24 -43 -55 -37 -46 0
-44 -100 0
-66 -49 0
-49 -72 -71 -78 0
-14 -42 -65 0
-51 -62 -46 -70 0
-14 -11 -41 0
-31 -38 -94 -54 0
-7 -41 -72 -36 0
-47 -73 0
-87 -45 0
-45 -29 -52 -74 -44 -80 0
-6 -37 -41 0
-32 -90 -78 -38 -65 0
-71 -54 0
-99 -46 0
-48 -49 -71 0
-47 -9 -38 0
-6 -74 -61 -43 -18 -30 0
-2 -91 0
-22 -51 -5 0
-77 -87 -13 -73 0
-4 -3 0
-74 -70 -93 -78 -30 -4 0
-99 -12 -74 0
-75 -42 -5 0
-5 -87 -99 -28 0
-24 -45 -25 0
-75 -61 -64 0
-22 -37 -34 -29 -37 -33 0
-60 -67 0
-29 -57 -54 0
-4 -96 -78 -87 -30 -100 0
-51 -7 -65 0
-18 -73 0
-3 -32 -70 -99 0
-63 -14 -100 -32 -60 -88 0
-51 -27 -1 -76 -41 0
-80 -19 0
-14 -31 -92 -61 -55 0
-87 -1 0
-91 -28 -67 -41 0
-54 -54 -69 0
-88 -91 -26 0
-23 -92 -87 -12 -72 0
-50 -92 -94 -14 0
-8 -57 -73 -52 -35 -48 0
-49 -15 0
-65 -7 -1 -93 -51 -48 0
-41 -23 -97 -55 0
-69 -87 -14 -51 -73 -10 0
-96 -27 -42 -1 -16 -93 0
-25 -36 -7 -8 -94 0
-40 -10 -34 -18 -35 0
-10 -15 -61 -40 0
-13 -87 -3 -55 -10 0
-96 -33 -79 -12 -55 0
-22 -75 -94 -80 -62 0
-70 -55 -80 -33 -38 -38 0
-65 -65 -28 -100 0
-40 -92 -15 -5 -66 0
-94 -8 -58 -37 0
-80 -92 -15 -43 0
-33 -21 -43 -31 -97 -29 0
-29 -76 -22 -23 0
-33 -16 -68 -11 -80 -49 0
-12 -80 0
-94 -34 -97 -3 -6 -76 0
-80 -11 -11 -9 -38 -97 0
-52 -7 -66 -33 -27 0
-31 -74 -47 -51 -47 -81 0
-23 -65 0
-73 -93 -31 0
-95 -60 -46 -47 0
-8 -95 -90 -78 -43 -4 0
-3 -80 -13 -40 0
-72 -28 -79 -6 -42 -9 0
-31 -6 0
-74 -91 -35 -60 -32 0
-28 -43 -96 -18 -81 0
-27 -14 0
-80 -23 0
-61 -15 -72 -12 0
-58 -8 -60 0
-6 -66 -80 -7 -69 0
-90 -19 -24 -2 0
-51 -96 -81 -81 -3 -46 0
-41 -70 0
-66 -20 -71 0
-44 -54 0
-87 -81 -55 -10 -12 -41 0
-31 -28 0
-87 -100 0
-10 -73 -41 -14 -54 -46 0
-63 -70 -23 -69 0
-69 -97 -23 -9 0
-57 -4 -62 -11 -9 -15 0
-69 -69 -91 0
-19 -47 -34 -15 -72 -90 0
-7 -22 -15 -2 0
-26 -54 -22 -92 0
-55 -12 -37 -40 -16 -38 0
-31 -35 -40 -38 -79 0
-2 -81 -37 0
-42 -9 -10 -69 0
-94 -35 -58 0
-26 -10 -74 0
-12 -21 -61 -8 -63 -68 0
-79 -65 -76 0
-24 -8 -37 0
-3 -44 -54 -26 0
-58 -10 -4 -75 -75 0
-57 -33 -54 -8 -19 -18 0
-71 -29 -3 -60 -91 -42 0
-68 -27 -54 -6 -80 0
-62 -33 0
-35 -94 0
-60 -32 -8 -73 0
-47 -34 -23 -35 0
-92 -13 -65 -74 -74 -23 0
-66 -60 -20 -58 -48 0
-38 -36 -90 0
-99 -40 -21 -76 -16 -100 0
-70 -2 -72 -25 0
-28 -54 -66 -16 -62 0
-90 -10 -27 -28 -44 -44 0
-60 -87 -1 0
-27 -4 -76 0
-28 -19 -43 -1 -12 0
-15 -65 0
-48 -100 -36 -77 0
-6 -50 -49 -88 -43 0
-25 -3 -37 0
-2 -33 0
-65 -15 -1 -4 -45 -29 0
-80 -46 -93 -54 0
-64 -20 -58 -52 0
-68 -1 0
-95 -43 -45 -2 0
-28 -38 -16 -62 0
-61 -23 0
-5 -27 0
-33 -18 -6 -36 0
-8 -37 -47 -3 -1 0
-63 -3 -67 -9 0
-63 -70 -20 -31 -90 0
-10 -81 -5 0
-14 -24 -54 0
-13 -42 -55 -6 0
-63 -26 -55 -70 -16 -35 0
-22 -60 -14 0
-92 -35 0
-91 -61 -96 0
-88 -78 -96 0
-30 -18 -60 -2 -29 0
-75 -26 -99 0
-63 -31 -27 0
-36 -50 0
-80 -51 -87 -94 -51 -23 0
-24 -20 -65 -76 0
-37 -49 -61 -5 -75 0
-11 -5 -14 -18 0
-66 -71 -6 0
-69 -78 0
-50 -78 -45 0
-87 -96 -22 -1 -45 0
-76 -24 -100 -97 -18 0
-61 -93 -27 0
-70 -65 -25 -2 -40 0
-58 -6 -10 0
-51 -29 -94 -100 -2 0
-72 -90 -1 -73 -73 -25 0
-3 -88 -63 -31 -55 -69 0
-15 -30 -9 -81 -73 0
-90 -44 -75 0
-64 -47 -26 -26 -95 0
-55 -27 -49 -35 -10 0
-32 -26 0
-31 -27 -22 -3 -95 -32 0
-66 -73 -41 -1 -44 0
-65 -9 -57 -27 0
-28 -40 -30 -52 0
-14 -70 -87 0
-81 -95 0
-64 -13 -35 -16 -20 -60 0
-43 -2 -75 0
-40 -28 0
-12 -31 -28 -31 -77 -90 0
-61 -29 -21 -57 0
-19 -51 -48 -62 -7 0
-25 -77 -21 -16 -60 -80 0
-87 -75 -41 -57 0
-47 -16 -60 -54 0
-93 -55 -69 -54 0
-68 -36 -58 0
-91 -51 -81 0
-42 -9 -36 -62 0
-70 -54 -78 -94 -74 -51 0
-64 -1 -19 -48 -19 -90 0
-78 -95 -77 -46 -19 0
-72 -16 -48 0
-88 -68 -79 -36 -62 0
-90 -61 -2 -90 -62 -50 0
-88 -34 -76 -80 -3 -90 0
-80 -27 -70 0
-12 -100 -99 -4 -21 0
-19 -23 -74 -3 -12 -48 0
-2 -34 -100 0
-48 -3 -78 -73 -93 -79 0
-29 -61 -46 -40 -48 0
-91 -64 -61 -81 -19 0
-96 -50 -33 -48 -12 -4 0
-50 -2 -90 -99 -52 -80 0
-80 -92 -68 -37 -97 0
-26 -92 -55 -78 -99 0
-19 -66 -45 0
-97 -30 -18 -24 -16 -5 0
-15 -70 0
-72 -5 -18 -19 0
-12 -33 -93 -70 -43 0
-48 -41 0
-70 -30 -14 -92 0
-33 -75 -69 0
-16 -5 -41 -35 -45 0
-32 -62 -46 -48 0
-70 -68 -10 -40 -27 -49 0
-44 -45 -63 -5 -87 -80 0
-41 -36 -78 -87 0
-58 -4 -54 -88 0
-60 -94 -73 -36 -100 -29 0
-45 -92 -76 -81 -67 0
-99 -7 -35 -10 -87 -8 0
-62 -54 -70 -57 -24 -68 0
-42 -97 -81 -58 -91 -80 0
-76 -62 -49 0
-45 -75 -88 -94 0
-30 -65 -19 -11 0
-37 -44 0
-23 -25 -20 0
-2 -87 0
-30 -71 -48 -35 -67 -57 0
-74 -65 -23 -70 -75 -54 0
-71 -92 -10 0
-91 -23 0
-14 -37 -90 -68 -66 0
-78 -57 -90 -20 -64 0
-1 -91 -8 0
-29 -22 -19 -71 0
-22 -75 -3 0
-60 -34 -72 -6 -75 -77 0
-28 -14 -61 -49 -91 -31 0
-47 -4 -21 -8 0
-28 -52 -25 -62 0
-35 -12 -50 0
-8 -97 -24 -28 0
-87 -76 -48 -80 0
-22 -5 -76 -55 -81 0
-37 -77 0
-77 -42 -48 -87 -94 -78 0
-43 -28 -2 -19 -32 0
-54 -28 -20 -90 0
-100 -58 -65 0
-21 -70 -57 -60 0
-72 -4 -96 -80 -57 0
-34 -30 -71 -80 0
-33 -78 -61 0
-80 -44 -33 -2 -78 0
-14 -75 -11 0
-1 -2 -3 -94 -23 0
-6 -28 -22 -29 -91 0
-49 -58 -8 -38 -60 0
-40 -97 -7 -79 -1 0
-66 -75 -34 -57 0
-81 -20 -9 -58 -67 0
-78 -73 -44 0
-25 -24 -49 -91 0
-1 -88 -96 -7 -76 -24 0
-10 -55 -75 -72 0
-87 -50 -50 -22 -1 0
-7 -58 -7 -62 0
-70 -88 -52 -24 -19 0
-62 -26 -46 -42 0
-37 -13 -48 -58 -71 -51 0
-79 -78 -77 -20 -22 -62 0
-100 -22 -1 0
-29 -12 0
-99 -41 -31 0
-64 -31 -14 -87 -65 -40 0
-54 -99 -64 -30 0
-47 -72 -2 -100 0
-26 -20 0
-24 -35 -91 0
-27 -65 -54 -44 0
-51 -96 -66 -11 -44 0
-72 -16 -16 -45 -71 0
-92 -49 0
-28 -70 -61 -10 -1 -42 0
-80 -30 -12 -78 0
-29 -71 -36 -80 0
-49 -20 -22 -66 -40 0
-2 -21 -21 -100 0
-9 -81 -74 0
-96 -28 0
-69 -29 -78 -12 -44 -5 0
-24 -52 -65 0
-64 -32 -78 0
-90 -11 0
-42 -72 -42 -75 0
-96 -72 -77 -5 0
-23 -54 -22 0
-65 -42 -78 0
-36 -97 -54 -74 -90 0
-75 -66 -19 -57 -74 0
-14 -69 -41 0
-29 -79 -42 0
-61 -63 -34 -81 -73 -48 0
-11 -14 -8 -69 -92 0
-11 -64 -6 -57 -14 -54 0
-23 -36 0
-11 -76 -97 0
-75 -37 -46 -37 -69 0
-14 -27 -93 -91 -70 -71 0
-21 -81 -81 -95 -24 -29 0
-80 -72 -90 0
-15 -50 -25 -3 -13 0
-16 -93 -11 -54 -11 0
-18 -9 0
-12 -72 0
-75 -45 -1 -99 -42 -76 0
-27 -40 -14 0
-64 -40 0
-60 -41 -18 -45 0
-28 -8 0
-96 -8 -4 -31 -29 0
-12 -80 -22 -100 -8 0
-3 -80 -75 -9 0
-40 -74 -13 0
-99 -23 -21 -71 -74 0
-65 -72 -92 0
-72 -51 -52 -47 0
-5 -19 -64 -62 -99 -29 0
-75 -69 0
-38 -50 -45 -60 -57 0
-54 -3 -32 0
-96 -46 0
-63 -16 -70 -78 0
-19 -12 -87 -63 0
-7 -12 -61 -48 -68 0
-95 -3 -96 -26 0
-42 -22 -5 -80 0
-9 -46 0
-7 -57 -2 -67 0
-41 -31 -37 -34 0
-66 -28 -26 -94 -96 0
-34 -55 -21 -43 -54 -91 0
-21 -10 -41 -76 -64 0
-87 -66 0
-70 -20 -6 0
-81 -13 -8 0
-30 -6 -16 -13 -28 -23 0
-12 -34 -69 -36 -92 0
-34 -77 -68 -38 -88 0
-38 -13 -50 -46 -18 -74 0
-62 -8 -23 -4 -7 -29 0
-26 -47 -8 -1 0
-15 -78 -15 -31 0
-50 -25 0
-31 -1 -23 0
-100 -92 -36 -10 -27 0
-62 -74 -22 0
-37 -24 -50 -94 -72 0
-66 -1 -32 -75 -79 -41 0
-38 -63 -87 0
-5 -57 -29 -33 -7 0
-3 -40 -41 -25 -43 -48 0
-72 -60 -36 -74 -36 -42 0
-60 -91 -62 -26 -10 0
-4 -73 -38 -67 0
-100 -55 -81 0
-41 -1 -99 -79 -20 0
-19 -46 -29 -19 -19 -87 0
-93 -14 -93 -8 -91 -74 0
-42 -78 -97 -41 -61 0
-8 -99 -23 -45 -81 -75 0
-11 -2 -37 -52 -92 -5 0
-99 -41 -75 -5 0
-92 -12 -40 -20 -18 0
-66 -43 -78 0
-78 -9 -79 -52 -44 -43 0
-48 -3 -95 -68 -65 0
-30 -43 -38 -5 -70 -92 0
-100 -35 0
-52 -38 -1 -72 -62 -1 0
-44 -7 -19 -44 -55 0
-64 -57 -31 -34 0
-71 -37 -48 -26 -51 0
-23 -75 0
-23 -67 -60 -43 -31 0
-60 -58 -93 -18 -41 -44 0
-42 -69 -31 0
-40 -76 0
-47 -13 -72 -5 -5 0
-74 -95 0
-6 -73 0
-71 -72 -69 -13 0
-12 -87 -52 -77 -15 -77 0
-43 -49 0
-99 -80 -10 -74 0
-50 -41 -20 -27 -31 0
-40 -55 -49 -70 0
-35 -11 -29 -26 0
-44 -29 -46 0
-41 -33 -88 -52 -54 0
-92 -11 -10 -40 -70 0
-63 -23 -54 -46 -25 0
-43 -34 -74 0
-92 -72 -60 -51 -70 -27 0
-79 -55 -87 -12 -81 0
-25 -46 -7 -49 -63 -18 0
-4 -1 -99 -79 -30 -58 0
-62 -22 -16 0
-40 -13 -9 -68 0
-18 -79 -66 -92 0
-6 -16 -91 -9 -33 0
-79 -1 -19 -57 -30 -77 0
-22 -8 -61 -80 -49 -81 0
-40 -9 0
-38 -37 -57 -34 0
-20 -96 -32 -21 0
-72 -91 -1 -33 0
-77 -14 0
-15 -40 -62 0
-100 -44 0
-43 -25 -49 0
-25 -3 -8 0
-70 -92 -33 -10 -61 0
-95 -29 0
-90 -94 -68 -80 -52 0
-34 -74 -73 -45 -51 -40 0
-16 -96 -80 0
-81 -72 -74 0
-18 -4 -51 -5 -19 -80 0
-81 -100 -58 -38 -41 -72 0
-45 -52 -30 -51 -48 0
-99 -38 -67 -44 -29 -66 0
-52 -55 -10 -27 -38 0
-46 -12 0
-21 -6 0
-42 -81 -15 -47 -11 -10 0
