c 
c Input Variance: 10000000000
c Actual Variance: 9995700077
c Input number of vars: 100
c Input use Fam rules: true
c Input Fam size: 1-6
c Input Rule size: 2-6
c Input False Variables: 4
c Actual False Variables: 4 Vars
c Input True Variables: 8
c Actual True Variables: 8 Vars
c Calculation time: 4331 seconds
c Used Seed: -1062837989883594406
c 
p cnf 100 609
1 0
2 3 4 5 0
-2 -3 0
-2 -4 0
-2 -5 0
-3 -4 0
-3 -5 0
-4 -5 0
6 7 0
-6 -7 0
8 9 10 11 12 13 0
-8 -9 0
-8 -10 0
-8 -11 0
-8 -12 0
-8 -13 0
-9 -10 0
-9 -11 0
-9 -12 0
-9 -13 0
-10 -11 0
-10 -12 0
-10 -13 0
-11 -12 0
-11 -13 0
-12 -13 0
14 15 16 0
-14 -15 0
-14 -16 0
-15 -16 0
17 18 19 20 21 22 0
-17 -18 0
-17 -19 0
-17 -20 0
-17 -21 0
-17 -22 0
-18 -19 0
-18 -20 0
-18 -21 0
-18 -22 0
-19 -20 0
-19 -21 0
-19 -22 0
-20 -21 0
-20 -22 0
-21 -22 0
23 0
24 25 26 27 28 29 0
-24 -25 0
-24 -26 0
-24 -27 0
-24 -28 0
-24 -29 0
-25 -26 0
-25 -27 0
-25 -28 0
-25 -29 0
-26 -27 0
-26 -28 0
-26 -29 0
-27 -28 0
-27 -29 0
-28 -29 0
30 31 32 33 0
-30 -31 0
-30 -32 0
-30 -33 0
-31 -32 0
-31 -33 0
-32 -33 0
34 35 36 37 38 0
-34 -35 0
-34 -36 0
-34 -37 0
-34 -38 0
-35 -36 0
-35 -37 0
-35 -38 0
-36 -37 0
-36 -38 0
-37 -38 0
39 40 41 0
-39 -40 0
-39 -41 0
-40 -41 0
42 43 44 45 0
-42 -43 0
-42 -44 0
-42 -45 0
-43 -44 0
-43 -45 0
-44 -45 0
46 47 48 49 0
-46 -47 0
-46 -48 0
-46 -49 0
-47 -48 0
-47 -49 0
-48 -49 0
50 51 0
-50 -51 0
52 53 54 0
-52 -53 0
-52 -54 0
-53 -54 0
55 56 57 58 59 0
-55 -56 0
-55 -57 0
-55 -58 0
-55 -59 0
-56 -57 0
-56 -58 0
-56 -59 0
-57 -58 0
-57 -59 0
-58 -59 0
60 61 62 0
-60 -61 0
-60 -62 0
-61 -62 0
63 64 65 66 67 68 0
-63 -64 0
-63 -65 0
-63 -66 0
-63 -67 0
-63 -68 0
-64 -65 0
-64 -66 0
-64 -67 0
-64 -68 0
-65 -66 0
-65 -67 0
-65 -68 0
-66 -67 0
-66 -68 0
-67 -68 0
69 0
70 71 72 73 0
-70 -71 0
-70 -72 0
-70 -73 0
-71 -72 0
-71 -73 0
-72 -73 0
74 75 76 77 78 0
-74 -75 0
-74 -76 0
-74 -77 0
-74 -78 0
-75 -76 0
-75 -77 0
-75 -78 0
-76 -77 0
-76 -78 0
-77 -78 0
79 80 81 82 0
-79 -80 0
-79 -81 0
-79 -82 0
-80 -81 0
-80 -82 0
-81 -82 0
83 0
84 0
85 86 87 88 89 90 0
-85 -86 0
-85 -87 0
-85 -88 0
-85 -89 0
-85 -90 0
-86 -87 0
-86 -88 0
-86 -89 0
-86 -90 0
-87 -88 0
-87 -89 0
-87 -90 0
-88 -89 0
-88 -90 0
-89 -90 0
91 0
92 93 94 95 96 0
-92 -93 0
-92 -94 0
-92 -95 0
-92 -96 0
-93 -94 0
-93 -95 0
-93 -96 0
-94 -95 0
-94 -96 0
-95 -96 0
97 98 99 100 0
-97 -98 0
-97 -99 0
-97 -100 0
-98 -99 0
-98 -100 0
-99 -100 0
98 0
6 0
-43 -73 0
-78 -4 -28 0
-78 -31 -33 -81 -82 0
-25 -60 -80 0
-16 -95 -76 -61 0
-67 -28 -80 0
-77 -53 -1 -44 0
-3 -89 0
-43 -31 0
-62 -42 -65 -21 -18 0
-73 -44 -6 -50 -30 -27 0
-57 -25 0
-82 -16 -80 0
-57 -57 -36 -53 -36 -69 0
-11 -78 0
-56 -80 -10 -62 -36 -48 0
-3 -20 -82 -83 0
-87 -15 0
-19 -35 -77 -11 0
-54 -57 -1 0
-40 -73 -27 -63 -47 -55 0
-71 -60 -95 0
-15 -53 -78 -49 -65 0
-74 -41 0
-81 -90 -65 -38 0
-50 -40 -97 0
-52 -86 -49 -4 -48 -64 0
-37 -11 -18 -4 -93 0
-94 -29 -89 -52 0
-54 -15 -11 -88 0
-14 -69 -45 -35 -20 0
-30 -32 -34 0
-89 -89 -53 -13 0
-50 -39 -42 0
-79 -81 -15 -90 0
-74 -20 -4 -5 -4 -6 0
-37 -51 0
-82 -26 0
-3 -93 -15 -44 -36 -90 0
-87 -64 0
-69 -25 -63 -95 -32 0
-51 -75 -9 -45 -65 0
-42 -32 -36 -48 -29 -16 0
-35 -47 -31 0
-23 -76 -30 0
-58 -63 0
-71 -42 -94 -63 0
-3 -64 -82 0
-78 -60 -38 0
-45 -9 -69 -78 -45 0
-46 -47 -32 -46 -1 0
-27 -26 -91 0
-57 -10 0
-25 -97 -47 -39 0
-30 -76 -6 -61 -16 0
-32 -23 -15 0
-93 -47 -58 -89 0
-58 -35 -81 -53 -74 -14 0
-64 -78 -76 0
-34 -78 -21 -23 -3 -71 0
-4 -37 -6 -79 -4 -46 0
-48 -28 0
-43 -1 -12 -14 -82 0
-42 -65 0
-16 -34 -76 -38 0
-48 -72 -94 -79 -93 -50 0
-28 -22 -62 -25 -21 0
-26 -75 -44 -97 0
-89 -11 0
-97 -69 -42 0
-75 -72 0
-73 -39 0
-55 -54 -96 -41 -43 -63 0
-81 -60 -65 -52 -34 0
-27 -42 -19 -68 -29 -31 0
-80 -65 -4 0
-33 -13 -76 0
-75 -73 0
-72 -3 0
-42 -88 -37 0
-77 -44 0
-48 -68 -94 -23 0
-69 -34 -72 -75 -67 0
-89 -22 -21 0
-67 -12 -43 -43 0
-95 -26 -66 -96 -52 -46 0
-81 -39 0
-43 -66 0
-73 -39 -49 0
-52 -13 -81 -66 0
-42 -19 -16 -15 -32 0
-83 -80 -4 -25 -94 0
-9 -53 0
-89 -86 0
-35 -82 -19 -64 -6 -9 0
-72 -20 -93 0
-18 -75 -51 0
-30 -79 -29 -20 -16 -54 0
-91 -94 -87 -4 -65 0
-86 -41 0
-37 -23 -86 0
-4 -68 0
-68 -39 0
-68 -13 0
-96 -44 -82 -27 -33 -75 0
-45 -40 -5 -69 -52 0
-57 -75 -29 -34 -15 -59 0
-53 -68 0
-64 -60 0
-89 -16 -88 -47 -66 -53 0
-54 -36 -32 -11 0
-97 -14 -93 0
-29 -32 0
-95 -43 -54 -75 -97 -47 0
-39 -28 -36 0
-60 -33 -94 0
-28 -29 -86 -93 -23 0
-62 -13 0
-56 -80 -76 -27 -16 -89 0
-79 -97 -91 -16 0
-71 -11 -78 -18 -77 0
-91 -20 -42 -55 -58 0
-49 -48 -90 -47 0
-71 -52 -37 0
-20 -64 -26 -18 -1 0
-87 -94 -19 0
-10 -73 -68 -78 -43 -16 0
-17 -26 -43 0
-87 -75 0
-82 -60 0
-4 -34 -42 -63 -83 -61 0
-88 -10 -25 -34 -51 -75 0
-93 -16 -60 -14 -47 0
-79 -19 -38 -28 0
-68 -95 -22 -35 0
-93 -21 -5 -79 -37 0
-58 -54 -47 -15 -29 -50 0
-28 -72 -55 -41 0
-55 -56 -35 0
-71 -58 -5 -50 0
-89 -73 -96 -74 0
-76 -67 -64 -35 -41 0
-22 -11 0
-79 -73 -50 -29 -42 -25 0
-72 -47 -77 -12 -66 -82 0
-6 -32 -45 0
-54 -20 -62 -68 0
-86 -74 -91 -42 0
-11 -27 0
-61 -81 -76 -77 0
-76 -95 -81 -51 -39 -16 0
-10 -69 -35 -50 -74 -94 0
-82 -43 -52 0
-86 -40 -44 -75 0
-1 -33 -60 0
-54 -28 -50 -73 0
-27 -80 -45 0
-97 -87 -89 -30 -29 -39 0
-3 -76 -47 0
-68 -4 0
-54 -61 -50 0
-64 -1 -22 -53 -96 0
-28 -53 -37 -91 0
-61 -54 -75 -30 -36 -87 0
-10 -44 -5 -33 -3 0
-31 -6 -81 -26 -56 -89 0
-23 -68 -89 -66 -42 0
-56 -39 0
-52 -67 -54 -32 0
-18 -97 -55 -28 -22 0
-87 -1 -80 -37 0
-74 -29 -60 -54 0
-45 -83 -97 -15 0
-63 -57 -16 0
-78 -31 -40 0
-46 -23 -23 -45 -5 0
-38 -78 -59 -61 -30 0
-80 -88 0
-96 -13 -76 -79 -14 0
-49 -5 -25 -60 -90 -82 0
-28 -45 -29 -33 -95 -44 0
-81 -6 -75 -83 0
-83 -59 -23 -46 0
-63 -27 -77 -32 -74 -80 0
-13 -96 -6 -18 -45 0
-39 -63 -78 0
-90 -42 -95 -73 -31 -61 0
-96 -21 -34 0
-97 -43 -21 -34 0
-86 -49 -97 -31 0
-23 -32 -73 0
-56 -58 -38 -32 -31 -21 0
-37 -66 -96 -30 -62 0
-73 -48 -90 -80 0
-23 -50 -10 0
-64 -69 -33 0
-28 -33 -5 -26 0
-29 -6 -44 0
-79 -29 -87 -89 -65 0
-56 -38 -82 -33 -4 -39 0
-30 -47 0
-65 -91 -77 -96 -47 0
-14 -38 -89 -20 -33 0
-26 -12 0
-18 -21 -13 -45 -53 -94 0
-46 -3 0
-9 -94 -82 -83 -91 0
-97 -38 0
-61 -37 -14 -78 0
-46 -21 -21 -47 -40 -22 0
-14 -36 -28 -31 -74 0
-60 -45 -90 -18 -83 -72 0
-77 -95 0
-17 -90 -50 -41 -47 0
-45 -60 -48 0
-52 -63 -13 0
-62 -88 0
-75 -82 -75 0
-42 -46 -59 -64 0
-36 -42 0
-53 -56 -25 0
-35 -73 -89 -69 -35 -87 0
-27 -65 -79 0
-27 -19 -25 0
-48 -16 -80 -37 -1 0
-13 -33 -33 -83 -35 0
-20 -87 -69 0
-58 -39 0
-91 -21 -50 -63 0
-37 -42 -66 0
-10 -90 -26 -78 -56 0
-42 -60 -81 0
-60 -56 -19 -73 -96 0
-66 -97 -18 0
-47 -39 -48 -89 0
-90 -23 -46 -72 -23 0
-53 -65 0
-87 -34 0
-4 -9 -19 -87 -4 0
-25 -59 -38 -29 -45 -81 0
-12 -43 -13 -51 -41 0
-50 -53 -14 -50 0
-86 -46 -41 -23 -63 -34 0
-75 -81 -18 0
-21 -47 -9 -53 -73 0
-56 -47 -45 0
-29 -64 -16 -79 -61 0
-80 -35 0
-12 -65 -72 -5 0
-10 -36 -26 -21 -63 0
-28 -3 0
-62 -80 -21 -74 -35 0
-68 -18 -30 -55 -93 -90 0
-25 -51 -19 -72 -16 -90 0
-90 -27 -46 -58 0
-80 -94 -80 -32 0
-49 -57 0
-26 -59 -33 -25 0
-44 -23 -68 -73 0
-25 -31 0
-3 -14 -42 -35 -55 -40 0
-13 -1 -76 -28 -42 -96 0
-50 -51 -20 -59 -21 0
-48 -45 0
-12 -86 -1 -63 -75 -42 0
-4 -90 -44 -55 -94 -42 0
-78 -14 0
-34 -90 -42 -95 -83 0
-77 -91 -78 -68 -86 -88 0
-59 -23 -42 -25 -94 -6 0
-95 -63 0
-87 -27 -51 -87 -22 0
-21 -94 -43 -66 -94 0
-50 -49 -97 0
-49 -63 -55 0
-31 -71 -45 -60 0
-73 -9 -22 0
-63 -26 -94 -89 -52 0
-13 -56 0
-50 -29 -94 0
-64 -44 0
-96 -94 0
-83 -53 -71 -91 -78 0
-68 -47 -26 -47 -74 0
-88 -61 -11 -64 0
-80 -38 -39 -31 -95 -17 0
-19 -97 -29 0
-69 -82 -73 -68 -44 -32 0
-94 -25 0
-27 -65 -32 -88 -53 -89 0
-45 -10 -78 -60 -17 -52 0
-47 -34 -73 -15 -51 0
-22 -42 0
-67 -66 -50 -51 0
-82 -68 -1 -32 0
-10 -65 0
-81 -18 -32 -81 -43 0
-77 -94 -57 0
-43 -51 -48 -72 -17 -79 0
-15 -59 0
-4 -11 -38 0
-68 -31 -97 -72 0
-71 -65 0
-19 -93 0
-4 -75 -78 -49 0
-10 -60 -41 0
-3 -59 -9 0
-60 -62 -89 -11 -91 -81 0
-59 -64 -81 -21 -74 0
-51 -63 0
-32 -53 0
-54 -31 -33 -48 -67 -39 0
-62 -18 0
-47 -37 -74 0
-86 -59 -22 0
-57 -68 -91 -17 0
-4 -32 -57 -88 0
-67 -89 -77 -71 -96 0
-14 -19 -31 0
-1 -64 -3 -13 -44 0
-32 -71 -89 -14 -28 0
-11 -22 -51 -66 -40 0
-62 -81 -73 -32 -65 -97 0
-1 -27 -52 -22 -40 0
-75 -64 -20 -76 0
-88 -95 -50 -56 -51 0
-79 -90 -68 -37 -77 -86 0
-45 -77 -58 -88 -61 -97 0
-76 -79 -51 -76 -17 -16 0
-6 -80 -46 -20 -22 -50 0
-59 -28 -96 -62 0
-79 -95 -26 0
-59 -68 -88 -26 -53 0
-87 -63 -16 -38 -37 0
-19 -9 -65 -37 -16 -17 0
-74 -13 0
-67 -33 -30 -69 0
-26 -93 -51 -35 0
-26 -53 -74 -10 -67 0
-81 -86 0
-87 -79 0
-58 -81 -66 0
-79 -68 -83 0
-73 -86 -27 0
-13 -90 -94 -50 -43 0
-14 -40 -43 0
-3 -32 -91 0
-74 -47 -10 -60 0
-3 -35 -97 -60 -37 0
-51 -38 -23 -94 -97 0
-46 -31 -87 -58 -28 0
-49 -55 -71 -42 0
-23 -35 -95 -41 0
-32 -35 -89 -81 -41 -51 0
-50 -66 -74 -76 -65 -28 0
-28 -11 -12 -56 -20 0
-35 -27 -30 0
-87 -45 -65 -33 -20 -34 0
-47 -15 -35 -6 -25 0
-44 -14 0
-94 -52 -52 -90 -73 0
-73 -93 -16 -76 -16 -74 0
-40 -67 -30 0
-75 -47 -19 0
-17 -68 -73 -35 -1 -45 0
-95 -3 0
-64 -61 -10 -18 0
-26 -77 -93 0
-89 -66 -41 0
-5 -20 -67 -69 0
-55 -59 -73 -88 0
-30 -83 -90 0
-9 -68 0
-67 -60 -63 0
-16 -54 -96 -90 -63 -81 0
-33 -43 -34 -18 -19 -88 0
-75 -36 -14 -58 -11 0
-49 -10 -73 -6 -18 0
-28 -12 -66 -37 -80 0
-82 -20 -1 -22 0
-29 -56 0
-71 -35 -54 -12 0
-56 -74 -45 -25 -43 -51 0
-33 -89 -72 0
-39 -51 -1 0
-94 -47 -53 -57 -27 0
-68 -47 -89 -36 -94 -96 0
-50 -9 -66 -42 -58 -9 0
-16 -43 -63 0
-61 -48 -91 -1 -71 0
-42 -15 -82 -37 -61 0
-64 -26 0
-87 -35 -58 -27 -39 0
-41 -91 -71 -14 0
-78 -57 -64 0
-80 -67 -68 0
-64 -30 -96 -68 -97 0
-51 -31 -83 -79 0
-38 -46 -23 -88 -32 -57 0
-75 -95 -23 -63 -59 0
-29 -94 -89 -26 0
-3 -68 -46 -64 -95 0
-9 -65 -44 0
-83 -11 -23 -57 0
-20 -44 -20 -22 -53 -36 0
-89 -74 -34 -91 0
-64 -90 -25 0
-51 -18 0
