c 
c Input Variance: 1000000000
c Actual Variance: 957916787
c Input number of vars: 100
c Input use Fam rules: true
c Input Fam size: 1-6
c Input Rule size: 2-6
c Input False Variables: 4
c Actual False Variables: 4 Vars
c Input True Variables: 7
c Actual True Variables: 7 Vars
c Calculation time: 1279 seconds
c Used Seed: 8267530071919704081
c 
p cnf 100 621
1 2 3 4 5 0
-1 -2 0
-1 -3 0
-1 -4 0
-1 -5 0
-2 -3 0
-2 -4 0
-2 -5 0
-3 -4 0
-3 -5 0
-4 -5 0
6 7 0
-6 -7 0
8 9 10 0
-8 -9 0
-8 -10 0
-9 -10 0
11 12 13 14 15 0
-11 -12 0
-11 -13 0
-11 -14 0
-11 -15 0
-12 -13 0
-12 -14 0
-12 -15 0
-13 -14 0
-13 -15 0
-14 -15 0
16 17 18 0
-16 -17 0
-16 -18 0
-17 -18 0
19 20 21 0
-19 -20 0
-19 -21 0
-20 -21 0
22 23 24 25 26 27 0
-22 -23 0
-22 -24 0
-22 -25 0
-22 -26 0
-22 -27 0
-23 -24 0
-23 -25 0
-23 -26 0
-23 -27 0
-24 -25 0
-24 -26 0
-24 -27 0
-25 -26 0
-25 -27 0
-26 -27 0
28 29 30 0
-28 -29 0
-28 -30 0
-29 -30 0
31 32 33 34 35 0
-31 -32 0
-31 -33 0
-31 -34 0
-31 -35 0
-32 -33 0
-32 -34 0
-32 -35 0
-33 -34 0
-33 -35 0
-34 -35 0
36 37 38 39 0
-36 -37 0
-36 -38 0
-36 -39 0
-37 -38 0
-37 -39 0
-38 -39 0
40 41 0
-40 -41 0
42 0
43 0
44 45 46 0
-44 -45 0
-44 -46 0
-45 -46 0
47 48 49 50 51 0
-47 -48 0
-47 -49 0
-47 -50 0
-47 -51 0
-48 -49 0
-48 -50 0
-48 -51 0
-49 -50 0
-49 -51 0
-50 -51 0
52 0
53 54 0
-53 -54 0
55 56 57 0
-55 -56 0
-55 -57 0
-56 -57 0
58 0
59 60 0
-59 -60 0
61 0
62 63 64 65 0
-62 -63 0
-62 -64 0
-62 -65 0
-63 -64 0
-63 -65 0
-64 -65 0
66 67 68 69 70 0
-66 -67 0
-66 -68 0
-66 -69 0
-66 -70 0
-67 -68 0
-67 -69 0
-67 -70 0
-68 -69 0
-68 -70 0
-69 -70 0
71 0
72 73 74 75 76 0
-72 -73 0
-72 -74 0
-72 -75 0
-72 -76 0
-73 -74 0
-73 -75 0
-73 -76 0
-74 -75 0
-74 -76 0
-75 -76 0
77 78 79 80 81 82 0
-77 -78 0
-77 -79 0
-77 -80 0
-77 -81 0
-77 -82 0
-78 -79 0
-78 -80 0
-78 -81 0
-78 -82 0
-79 -80 0
-79 -81 0
-79 -82 0
-80 -81 0
-80 -82 0
-81 -82 0
83 84 0
-83 -84 0
85 86 87 0
-85 -86 0
-85 -87 0
-86 -87 0
88 89 90 91 92 93 0
-88 -89 0
-88 -90 0
-88 -91 0
-88 -92 0
-88 -93 0
-89 -90 0
-89 -91 0
-89 -92 0
-89 -93 0
-90 -91 0
-90 -92 0
-90 -93 0
-91 -92 0
-91 -93 0
-92 -93 0
94 95 96 97 0
-94 -95 0
-94 -96 0
-94 -97 0
-95 -96 0
-95 -97 0
-96 -97 0
98 99 100 0
-98 -99 0
-98 -100 0
-99 -100 0
15 0
-52 -94 -3 -69 0
-71 -48 -54 -46 -80 0
-79 -1 -63 -94 0
-98 -20 0
-78 -25 0
-8 -28 -39 0
-39 -26 -97 -95 -33 0
-57 -4 -91 -61 0
-97 -66 -97 -4 0
-8 -60 0
-75 -21 -91 -6 -8 -39 0
-36 -78 -5 0
-22 -40 -69 -66 -23 -93 0
-58 -83 -7 0
-86 -6 0
-56 -92 -70 -42 -58 -30 0
-32 -55 -40 0
-2 -39 -8 -17 0
-61 -61 -99 -78 -92 0
-11 -58 -20 0
-78 -54 -45 -22 0
-77 -58 -82 0
-56 -38 -40 -5 -78 -82 0
-80 -39 0
-66 -25 -80 -39 -55 -98 0
-19 -89 -47 -88 -17 0
-88 -47 -4 -68 -80 0
-93 -19 -85 -25 0
-35 -83 -42 0
-58 -46 -80 -17 -35 0
-96 -6 0
-93 -69 0
-45 -42 -31 -56 -70 0
-54 -11 0
-18 -49 0
-40 -38 -50 0
-84 -28 -99 -94 -19 -37 0
-5 -45 -54 0
-95 -75 -88 -4 -24 -99 0
-32 -65 -68 -98 0
-89 -19 0
-67 -48 -96 0
-86 -70 -73 -90 -99 0
-98 -39 -84 -75 -75 0
-26 -85 -22 -41 -71 0
-91 -97 -42 -94 -60 0
-11 -32 -79 0
-78 -89 -25 0
-41 -29 -37 -49 0
-91 -93 -4 -37 -75 0
-75 -34 -17 -5 -98 -25 0
-69 -4 0
-60 -78 -9 -32 0
-6 -25 -1 -30 0
-11 -54 -37 -94 -66 0
-81 -96 -66 -57 0
-27 -45 -75 -63 0
-86 -47 0
-4 -71 -40 -24 -6 0
-1 -29 -52 -70 -86 0
-69 -86 0
-86 -17 -84 0
-65 -47 -3 -69 0
-10 -30 -31 -46 0
-39 -49 -42 -48 0
-58 -80 -56 0
-81 -63 -87 -42 0
-33 -8 -58 -6 -35 -96 0
-66 -33 -60 0
-82 -47 -75 -37 -2 -57 0
-4 -5 -74 0
-30 -98 0
-20 -32 -70 -96 -77 0
-6 -21 -57 0
-17 -96 -64 -30 0
-74 -20 -60 -18 0
-19 -82 0
-31 -61 -98 -65 -29 0
-93 -27 -60 0
-56 -71 -82 -73 -89 0
-2 -11 -6 -1 0
-67 -75 -87 -21 -96 -87 0
-79 -31 -61 0
-66 -10 -88 -50 0
-97 -89 -25 -92 -25 -84 0
-54 -40 -82 -65 -78 0
-81 -84 0
-7 -33 -70 0
-74 -82 -58 -83 -92 -35 0
-55 -39 -52 -1 -47 0
-84 -73 -47 -49 -96 0
-98 -10 -65 0
-37 -47 -28 -83 -1 -39 0
-20 -74 0
-68 -56 0
-60 -51 -58 -26 0
-78 -34 -1 0
-41 -26 -84 -92 0
-41 -78 -70 0
-54 -29 -35 -21 -21 0
-8 -39 -37 -41 0
-40 -20 0
-56 -24 -38 -39 -4 -8 0
-68 -19 -87 -36 0
-51 -21 -98 -97 -96 0
-4 -92 -33 -93 -30 -55 0
-18 -31 -81 -36 -99 0
-52 -98 -30 0
-77 -25 -100 -96 0
-81 -68 -38 -41 -7 0
-78 -30 -61 -40 -11 -19 0
-82 -33 -33 -56 -67 -63 0
-97 -71 -91 0
-9 -27 -96 -48 0
-55 -77 -87 0
-69 -68 -78 -25 -27 0
-51 -49 -3 -57 -65 0
-67 -9 -38 -92 -34 -73 0
-69 -51 -40 0
-93 -39 0
-41 -7 -37 -21 0
-32 -6 0
-57 -90 -46 0
-6 -28 -90 -79 0
-22 -96 -88 -35 -5 -56 0
-54 -28 -98 -70 -11 0
-38 -76 -9 -5 -8 -71 0
-92 -22 -26 -93 -75 0
-26 -10 -88 -80 -9 0
-65 -85 -90 -6 -45 -47 0
-23 -87 0
-29 -56 -74 -75 -29 -86 0
-51 -95 -63 -90 -5 0
-37 -98 -2 0
-81 -47 -54 -96 0
-19 -96 -64 -36 -93 0
-1 -32 0
-87 -41 0
-6 -78 0
-42 -40 -81 0
-84 -66 0
-24 -5 0
-34 -49 -8 -30 0
-73 -96 -42 -31 -25 0
-65 -58 -25 0
-34 -88 0
-68 -90 -86 -77 -80 0
-89 -66 -95 0
-24 -54 -75 -83 -89 -37 0
-9 -25 -69 -91 0
-46 -49 -57 -57 -42 -95 0
-22 -87 -8 -57 -83 -42 0
-29 -38 -75 -49 -41 -68 0
-35 -57 -64 0
-75 -80 -19 -31 -61 -54 0
-58 -90 -94 -91 -54 -58 0
-46 -65 -94 0
-47 -78 -88 -36 -71 0
-63 -29 -70 0
-97 -80 -18 -95 -11 0
-31 -85 -77 -50 -21 -56 0
-42 -26 -64 -10 -38 -87 0
-45 -65 -93 -32 -28 -27 0
-29 -24 -8 -37 -45 -97 0
-71 -85 -99 -90 0
-54 -77 -71 0
-3 -40 -74 0
-58 -78 -20 -81 -92 0
-22 -65 -31 0
-58 -46 -50 -91 -38 -7 0
-66 -73 -67 -29 -37 0
-96 -71 -73 -94 0
-61 -86 -67 -41 0
-55 -20 -48 0
-23 -85 -42 0
-96 -91 -76 -58 0
-32 -42 -9 -40 -89 -11 0
-79 -47 -23 -54 -79 0
-90 -33 -71 -69 -98 0
-65 -77 -87 0
-35 -89 -7 -41 -64 -3 0
-85 -6 -10 -54 -36 0
-63 -76 -80 0
-34 -99 -30 -32 -25 0
-88 -54 -61 -83 0
-94 -48 -35 -8 0
-60 -90 -68 -58 -93 0
-38 -76 -61 -7 -93 -35 0
-100 -94 -96 -41 0
-30 -9 -51 -83 0
-71 -40 -60 -42 0
-11 -75 -86 -71 0
-58 -86 -79 -74 0
-90 -60 0
-51 -82 -17 -82 -10 -96 0
-30 -27 -18 -84 -63 0
-36 -35 -41 -35 0
-25 -69 -90 -71 0
-24 -85 0
-47 -3 0
-50 -91 0
-83 -3 -22 -68 0
-54 -82 -60 0
-2 -55 0
-65 -50 -19 0
-39 -27 -58 -92 -96 -24 0
-50 -78 -74 -81 -28 0
-54 -8 -70 -34 0
-19 -82 -79 0
-67 -5 -55 -61 0
-89 -78 0
-88 -35 0
-80 -92 -18 -55 -2 0
-27 -9 -2 -52 -60 0
-39 -21 -54 0
-26 -64 -87 -93 -69 0
-1 -82 -36 -67 0
-4 -95 -18 -1 0
-66 -67 -91 0
-76 -29 0
-19 -22 -58 -99 -33 -20 0
-35 -52 -60 0
-20 -73 -20 -70 -34 -70 0
-11 -96 -87 0
-88 -94 -35 -97 -69 -60 0
-45 -84 -96 -39 -7 0
-54 -63 -66 -85 -6 -9 0
-52 -69 -66 -11 0
-26 -63 -26 -23 0
-87 -34 -41 0
-80 -87 0
-24 -10 0
-83 -98 -75 -37 0
-25 -3 -67 0
-19 -46 0
-54 -93 0
-5 -49 -74 -79 -3 -78 0
-32 -29 -50 0
-38 -7 -96 0
-38 -63 0
-89 -57 -75 -7 -66 0
-54 -56 0
-82 -84 0
-97 -30 -77 -27 0
-4 -34 -27 -41 0
-93 -55 -82 -74 -57 -84 0
-47 -97 0
-33 -38 -10 -49 0
-93 -81 -89 -1 -10 -56 0
-83 -65 -96 -42 -91 0
-89 -45 -93 -28 0
-52 -19 -17 -7 0
-6 -23 0
-8 -38 0
-9 -37 -56 0
-79 -40 -19 -73 0
-97 -78 -37 -10 0
-42 -73 -25 0
-89 -34 -91 -58 -42 -57 0
-64 -46 -85 -49 -94 -46 0
-48 -85 -66 -46 -17 -7 0
-65 -8 -48 -80 -28 -73 0
-67 -63 -36 -39 0
-30 -32 -80 -94 -76 -88 0
-95 -78 -97 -8 -23 0
-21 -9 0
-29 -98 -93 -81 0
-63 -88 -69 0
-35 -3 -2 -65 -47 0
-54 -61 -26 -64 -8 0
-84 -7 -86 -90 0
-38 -50 0
-97 -90 -29 0
-65 -86 -63 -42 -26 0
-49 -66 -6 -90 -94 0
-34 -5 -80 -34 0
-58 -7 -5 -41 0
-64 -17 0
-48 -71 -47 -78 0
-100 -21 -55 -88 -95 -87 0
-22 -68 -87 -5 -41 -37 0
-99 -83 -2 -100 0
-3 -32 -6 -2 -74 -65 0
-90 -83 -100 -25 -98 -42 0
-69 -27 -58 -19 -41 -73 0
-85 -79 -73 -91 0
-40 -28 -22 -76 -84 -92 0
-24 -21 0
-71 -18 -9 -5 -2 -30 0
-91 -36 -4 0
-31 -69 0
-51 -9 -37 -48 -9 -86 0
-17 -66 -36 -39 -52 0
-29 -61 -89 -24 0
-29 -48 0
-83 -74 -55 -81 -95 -89 0
-27 -74 -49 -17 0
-79 -37 -11 -42 -47 0
-88 -79 -36 -19 -36 -46 0
-100 -76 -66 -58 -61 -21 0
-61 -82 -41 0
-21 -73 -80 0
-5 -78 -50 -54 0
-76 -65 -17 0
-21 -18 -45 -17 -32 0
-48 -79 -22 -80 -67 -86 0
-20 -51 -87 0
-63 -56 -75 0
-27 -64 -100 -30 0
-90 -87 0
-33 -38 -86 -57 -46 -94 0
-36 -11 -86 -48 0
-49 -56 -95 -36 0
-24 -17 0
-37 -36 -17 0
-81 -24 -34 -39 0
-75 -1 -34 -8 -6 -33 0
-35 -40 -64 -17 0
-19 -73 -64 -23 -86 -90 0
-37 -83 -9 0
-36 -21 -73 0
-68 -2 -22 -75 0
-3 -84 -39 -94 0
-76 -48 -67 -89 -11 -5 0
-10 -89 0
-42 -39 -93 0
-96 -89 -67 -96 -64 0
-71 -86 -32 0
-71 -39 -54 0
-75 -54 -87 -11 -41 -96 0
-93 -51 -41 -93 -66 0
-70 -4 -23 0
-26 -32 -82 -5 -32 -19 0
-76 -4 -82 0
-67 -65 -3 0
-2 -24 0
-7 -80 -21 -64 -54 0
-77 -5 0
-36 -20 -40 -21 -80 -83 0
-35 -86 -89 -30 0
-50 -96 -46 -10 -35 -99 0
-22 -92 -81 -1 -19 -95 0
-89 -39 -33 0
-22 -80 0
-79 -65 0
-27 -87 -49 0
-18 -37 -90 -32 0
-46 -10 -96 -7 -96 -87 0
-37 -88 0
-84 -54 -9 0
-86 -83 -26 -97 -51 0
-52 -67 -22 -47 0
-21 -95 0
-94 -4 -24 -49 0
-75 -80 -3 -29 -61 -80 0
-7 -22 -47 -45 -80 -71 0
-70 -100 -45 0
-51 -21 -36 -34 -61 -36 0
-60 -35 -35 -71 0
-31 -19 -71 0
-29 -51 -75 -100 -75 -42 0
-33 -87 0
-66 -61 -95 -48 0
-73 -29 -46 0
-10 -32 0
-67 -83 0
-67 -48 -37 -23 0
-22 -84 0
-29 -66 -58 -20 -98 -75 0
-76 -74 0
-50 -69 -39 -35 0
-70 -55 -50 -28 -64 0
-98 -6 0
-19 -28 -50 -8 0
-47 -76 -3 0
-96 -45 -88 -28 -26 -18 0
-65 -57 -67 -69 -45 0
-10 -20 -9 0
-89 -38 -2 -92 -40 -65 0
-63 -26 -94 -85 -82 0
-7 -34 -23 0
-41 -81 -41 -97 0
-45 -54 -17 -56 -85 -3 0
-8 -77 -52 -61 -93 0
-40 -81 -83 -85 -39 0
-76 -5 -56 -50 -17 -74 0
-80 -29 -82 -6 -63 0
-31 -27 0
-80 -4 -9 -31 -95 0
-28 -73 -94 0
-29 -91 -76 -36 -17 -27 0
-25 -45 0
-45 -27 -3 -84 0
-57 -24 -64 -20 -41 0
-60 -73 -41 -28 -75 -37 0
-94 -1 0
-50 -77 -24 -49 -26 -92 0
-25 -26 -79 -57 -27 0
-95 -22 -63 -68 0
-78 -90 -27 -89 -54 -34 0
-99 -67 -90 -85 -76 -78 0
-92 -46 -95 -69 0
-37 -24 -33 -100 -91 -70 0
-18 -46 -48 -56 0
-17 -25 0
-19 -87 -90 -24 -93 0
-28 -10 -56 0
-30 -67 -36 -56 0
-26 -87 -41 -96 -21 -75 0
-87 -34 -41 -78 -7 -50 0
-23 -6 -38 -71 -54 -97 0
-86 -85 0
-29 -82 -84 -1 -33 -71 0
-38 -80 0
-21 -22 0
-33 -77 0
-83 -17 -61 -9 -37 0
-71 -57 -87 -75 -51 -94 0
-31 -66 -31 0
-42 -17 -61 -87 -45 -38 0
-22 -28 0
-29 -70 0
-99 -45 -83 -41 -8 -51 0
-35 -30 -93 -91 0
-64 -67 -30 0
-51 -95 -30 -7 -95 -78 0
-17 -95 0
-38 -88 -41 -68 -17 0
-11 -49 -85 -55 -98 0
-32 -69 -76 0
-86 -46 -92 -67 -52 0
-37 -8 -67 -67 0
-33 -29 -9 -96 -76 0
-63 -89 -19 -37 -11 0
-49 -52 -75 -51 -28 -40 0
-36 -64 0
-87 -26 -63 0
